Po = 1.0
P1 = 7.0
p = 5.477200553463607
Error_rel = 3.286269280439747e-05
Alfa = 0.12205873876908596
TOL = 0.00098
No = 7
-------------------------------------------------------------
